-0.0198592,-0.0181005,-0.0180682,-0.0185525,-0.01,-0.00988994,-0.0258692,-0.0181206,-0.0180473,-0.0099,-0.01,-0.0099,-0.01,-0.01,-0.0184931,-0.01,-0.0180916,-0.0181174,-0.0099,-0.00981
0.0736624,-0.0190951,-0.01,0,0,-0.01,-0.01,0,-0.01,0,0,0,-0.01,-0.01,0,-0.01,-0.01,0,-0.0271,0
-0.01,-0.019,-0.01,-0.0178552,-0.013304,-0.00981468,-0.00964635,-0.0098747,-0.01,-0.018779,-0.0179235,-0.01,-0.00950933,-0.01,-0.00972628,-0.01,-0.01,-0.01,-0.00969265,-0.0187089
0.0732559,0,-0.00927676,-0.00935881,-0.00972377,-0.01,-0.009899,-0.00945817,-0.017619,-0.00931582,-0.00940613,0,-0.01,-0.00957847,0,-0.01,-0.009899,-0.00945817,-0.00964795,-0.0181986
0.0846152,-0.0093168,-0.00943047,0,0,-0.0183318,0,0,0,-0.00921866,0,-0.01,-0.0185005,-0.00923095,0,-0.00940785,0,-0.0093168,0,0
0.0700423,-0.01,0,0,-0.0191,0,0,-0.009542,-0.01,-0.01,0,0,0,0,-0.00981902,0,0,0,0,-0.01
-0.01,-0.0190864,-0.0140009,-0.0189849,-0.01,-0.0100926,-0.01,-0.01,-0.01,-0.01,-0.01,-0.0100943,-0.01,-0.01,-0.01,-0.0190943,-0.01,-0.019,-0.01,-0.019
-0.0177763,-0.01,-0.0187246,-0.00958556,-0.00958556,-0.01,-0.01,-0.00972458,-0.01,-0.0269783,-0.01,-0.019,-0.0271,-0.01,-0.01808,-0.01,-0.0183375,-0.019,-0.01,-0.0182998
-0.01,-0.01,-0.01,-0.01,0,-0.019,-0.01,-0.01,-0.00998336,-0.018352,-0.01,-0.01,-0.01,0,-0.01,-0.0186319,-0.019,-0.01,-0.0187818,-0.0242518
-0.01,-0.019,-0.0180973,-0.00987832,-0.017651,-0.00961294,-0.01,-0.0248382,-0.00961294,-0.0182876,-0.01,-0.0097526,-0.00999146,-0.01,0,-0.00945882,-0.01,-0.01,-0.01,-0.00961294
-0.0100936,0,-0.01909,0,-0.01,-0.019,-0.01,0,-0.01,-0.0101,-0.01,0,-0.0190919,-0.01009,-0.00933074,-0.01,-0.019,-0.019,0,-0.0191
-0.018,-0.0186587,-0.018271,-0.0189152,-0.019,-0.01,-0.01,-0.0188092,-0.01,-0.01,-0.0188092,-0.0185168,-0.019,-0.0184249,-0.0181,-0.01,-0.0185651,-0.01,-0.019,-0.01
-0.01,-0.019,0,-0.019,-0.01,-0.0185166,-0.01,-0.01,-0.01,-0.01,-0.01,-0.020056,-0.0181899,-0.00989831,-0.01,-0.019,-0.01,-0.01,-0.01,-0.01
-0.01,-0.01,-0.00952874,-0.00936527,-0.0181046,-0.01,-0.0185287,-0.00999994,-0.01,-0.00980828,-0.00918468,-0.01,-0.01,-0.00936527,-0.01,-0.01799,-0.0255336,-0.00936527,-0.01,-0.01
-0.0128252,-0.01,-0.0189057,-0.01,-0.0183682,0,-0.01,-0.019,-0.01,0,0,-0.01,0,-0.019,0,-0.01,0.00725457,-0.019,0,-0.01
-0.0451433,-0.0094258,-0.01,-0.01,-0.01,-0.01,-0.0186872,-0.00990845,-0.01,-0.0097249,0,-0.001239,-0.0265258,0,-0.01,-0.01,-0.01,-0.00990845,-0.01,-0.00990845
-0.00167879,-0.01,-0.0185203,-0.0100205,-0.00991255,-0.01,-0.00991819,-0.01,-0.01,0,-0.01,-0.0190261,-0.01,0,-0.01,-0.0100261,-0.01,-0.01,-0.019,-0.0187327
-0.0123237,-0.01,-0.01,-0.00986869,-0.01,-0.01,-0.00973688,-0.01,-0.01,-0.01,-0.00982383,-0.00984271,-0.00972158,-0.0267157,-0.01,-0.01,-0.00965801,-0.00975132,-0.0188688,-0.01
0.00259563,-0.00980412,0,-0.01,0,-0.00957452,-0.0188973,0,-0.00971961,-0.01,0,0,-0.00916134,0,-0.0175392,-0.01,-0.01,0,-0.0178668,-0.01
0.0724378,0,0,0,0,-0.0180215,0,-0.00909475,0,-0.00981,0,0,-0.00981,-0.01,0,0,-0.01,0,0,0
0.0858629,0,-0.0189,0,0,-0.01,0,-0.01,0,-0.0097279,0,0,0,-0.01,-0.00948796,0,0,0,0,0
0.0698403,-0.01,-0.01,-0.01,0,0,-0.01,-0.019,-0.0185946,0,-0.01,0,-0.01,0,-0.01,0,-0.01,0,-0.01,0
0.0536517,0,0,-0.01,-0.01,-0.01,-0.009,-0.01,-0.01,-0.01,-0.01,-0.01,-0.0181298,0,0,-0.01,-0.01,0,-0.0189389,0
-0.03439,-0.0100981,-0.0271961,-0.00460102,-0.01,0,-0.01,0,-0.01,-0.01,-0.019,-0.0344861,-0.0100968,-0.0100975,-0.01,-0.0100981,-0.01,-0.0100961,0,-0.01
0.0284703,-0.01,-0.0186561,-0.0098403,0,-0.01,-0.00968064,0,-0.00971144,-0.00975627,-0.01,-0.0184416,0,-0.0099,-0.00975627,-0.00971144,0,-0.009729,-0.00979049,-0.00975627
0.0598089,0,0,0,0,0,0,0,0,0,0,-0.01,0,0,-0.01,0,-0.01,-0.01,-0.01,-0.01
0.01,-0.01,-0.01,-0.01,-0.01,-0.01,-0.01,-0.01,-0.019,-0.01,-0.019,-0.01,-0.01,0,0,-0.0271,-0.01,0,0,-0.01
-0.0342726,-0.01,0,-0.00998363,-0.01,0,0,-0.01,-0.01,-0.01,-0.0189916,-0.01,-0.01,-0.0188911,-0.00999164,-0.00979968,-0.01,0,-0.01,0
0.028334,-0.01,-0.01,-0.01,-0.0099,-0.0186561,0,0,0,0,-0.00959049,0,0,-0.01,-0.009729,-0.00973144,-0.01,-0.01,0,-0.00981
0.0374302,0,-0.01,-0.01,0,0,-0.01,0,0,-0.0271,0,0,-0.01,0,0,0,0,-0.01,-0.01,-0.01
0,-0.01,-0.019,-0.01,-0.01,-0.01,0,-0.0189,-0.01,-0.0099,-0.01,0,-0.01,-0.01,-0.0099,-0.01,-0.01,-0.01,-0.01,-0.019
-0.001,0,0,-0.01,-0.01,0,-0.01,-0.01,0,-0.01,-0.01,-0.019,-0.01,0,-0.01,-0.01,-0.01,-0.019,-0.01,-0.0271
-0.01,-0.01,-0.01,-0.01,0,-0.01,-0.01,-0.019,0,-0.01,-0.01,-0.01,-0.01,-0.01,-0.01,-0.01,-0.01,-0.01,-0.01,-0.019
-0.01,-0.01,0,0,-0.01,-0.0271,0,-0.01,-0.01,-0.01,-0.01,-0.01,-0.0271,-0.01,-0.01,-0.01,-0.01,-0.01,-0.01,0
-0.01,-0.01,-0.01,0,-0.01,-0.019,-0.01,0,-0.01,-0.01,-0.01,0,-0.01,-0.0271,0,-0.01,-0.01,-0.01,-0.019,-0.01
-0.01,0,0,-0.01,-0.01,-0.01,-0.019,0,-0.01,-0.01,-0.01,-0.01,-0.01,-0.01,-0.019,-0.019,-0.01,-0.01,-0.01,-0.01
-0.01,-0.01,-0.019,0,-0.01,-0.01,-0.01,0,0,-0.01,-0.019,0,-0.01,-0.01,-0.019,-0.01,-0.01,-0.01,-0.01,-0.019
-0.01,-0.01,-0.01,0,-0.019,-0.01,0,-0.01,-0.01,-0.01,-0.019,0,-0.01,-0.01,-0.01,-0.01,-0.01,-0.0271,-0.01,0
-0.0271,-0.01,-0.019,-0.01,-0.01,-0.01,0,-0.01,-0.01,-0.0099,-0.01,0,-0.01,-0.01,-0.01,-0.01,-0.01,-0.01,-0.01,0
-0.001,-0.01,-0.01,-0.019,-0.019,-0.01,-0.01,-0.01,0,-0.01,-0.01,-0.019,-0.01,-0.01,-0.01,0,0,-0.01,0,-0.01
0,-0.01,-0.01,-0.01,-0.019,-0.01,0,-0.01,-0.01,-0.01,0,-0.01,-0.01,-0.019,0,-0.019,-0.01,-0.01,-0.019,-0.01
-0.01,-0.01,-0.01,-0.01,-0.019,-0.01,-0.01,-0.01,-0.01,-0.01,-0.01,-0.01,-0.01,-0.01,0,-0.01,-0.01,-0.01,-0.01,-0.01
-0.01,-0.01,-0.019,-0.01,-0.01,-0.01,-0.01,-0.01,-0.01,-0.01,0,-0.01,0,-0.01,-0.01,-0.01,-0.01,-0.019,-0.01,-0.01
-0.019,-0.01,0,0,-0.019,-0.01,-0.01,-0.01,-0.01,-0.01,-0.01,-0.01,-0.01,-0.01,-0.01,-0.01,-0.01,-0.01,-0.01,-0.01
-0.0071,-0.01,0,-0.01,-0.0271,-0.01,-0.01,-0.01,0,-0.01,-0.01,-0.01,-0.01,0,-0.01,-0.01,0,0,-0.019,-0.01
-0.00971678,-0.01,-0.01,-0.0099502,-0.01,-0.00980163,-0.0098959,-0.01,0,-0.019,-0.0188959,-0.00984906,-0.01,-0.01,0,-0.01,-0.01,0,-0.01,-0.018705
0.0150945,-0.00953144,-0.009729,-0.01,0,0,0,-0.0099,-0.00981,-0.01,0,0,-0.0180779,0,-0.00938742,-0.01,-0.00959049,-0.01,-0.01,-0.00981
0.0451322,-0.0268069,0,0,0,-0.01,0,0,-0.01,-0.01,0,-0.01,0,0,-0.019,-0.01,0,0,0,0
0.0790655,-0.01,0,0,-0.01,-0.01,-0.01,0,-0.01,0,-0.0096561,0,0,0,0,0,-0.0099,-0.01,0,-0.01
0.0795109,-0.019,0,0,0,0,-0.01,0,-0.01,0,0,0,-0.01,-0.01,0,-0.01,0,0,0,0
0.01,-0.019,-0.01,-0.01,-0.01,-0.01,-0.01,-0.01,-0.00989898,-0.01,-0.01,-0.01,-0.01,-0.01,-0.01,-0.019,-0.01,-0.01,-0.01,-0.01
-0.0102343,-0.01,0,-0.00966304,-0.00992358,-0.01,-0.00974158,-0.00982816,-0.019,-0.00972716,-0.01,-0.01,-0.00980558,-0.0098981,-0.00992358,-0.01,-0.01,-0.01,-0.01,-0.00972716
0.0350057,-0.019,-0.009729,-0.00981,-0.00977049,-0.0099,0,0,-0.01,0,-0.01,0,-0.01,-0.01,0,-0.0186095,0,0,-0.01,0
0.0504429,0,0,0,-0.019,0,0,-0.01,-0.01,0,0,-0.01,-0.01,0,0,0,0,-0.01,-0.01,-0.01
-0.01,-0.01,-0.01,-0.01,-0.01,-0.01,-0.01,-0.01,-0.018271,-0.01,-0.01,-0.01809,-0.01,-0.01,-0.01,-0.01,-0.01,-0.01,-0.01,-0.01
0,-0.03439,-0.01,-0.01,-0.01,-0.01,-0.01,0,-0.019,0,-0.019,-0.01,-0.01,-0.01,-0.01,-0.01,0,0.05661,0,0
-0.01,0.1,0,-0.01,-0.019,-0.01,-0.01,-0.01,-0.01,-0.01,-0.019,-0.019,-0.0182386,-0.01,-0.01,-0.01,-0.01,-0.01,-0.01,0
-0.00981,-0.0099,-0.01,0,-0.01,-0.00981,-0.01,0.09191,0.076139,-0.01,-0.0189114,-0.0099,0,0,-0.0189203,0,0,-0.01,-0.01,-0.0185466
-0.00202969,0.091,0,0,0,0,-0.01,-0.01,-0.01,0,-0.01,-0.01,0.091,-0.019,-0.01,-0.01,-0.01,0,-0.01,0
-0.00688112,-0.01,-0.01,0,-0.01,-0.01,-0.01,-0.0076753,0,-0.01,-0.01,-0.00727305,-0.0236157,-0.00688112,-0.01,-0.014235,-0.01,-0.00727305,-0.01,-0.019
-0.00768573,0.0938965,-0.0091909,-0.00936462,0,0,-0.00952097,-0.0091909,-0.00979159,0,-0.0096634,-0.00952097,-0.01,0,-0.00936462,-0.00952097,0,0,0.101997,0.348251
0,-0.00909,0.00914936,0.1019,-0.01,-0.00796881,0.247853,0,-0.00886178,-0.009281,0,0,-0.009281,0,0,0,0,0,0,0
0,0,0,0.313265,0,0,0,-0.01,0,0,-0.03439,-0.019,0,0,0.039239,0,0,0,0.1,0
-0.00981902,-0.00938,-0.0096878,0,-0.0096878,0,0,0.118423,0,-0.00993712,-0.01,-0.01,-0.009,-0.00732164,-0.009542,-0.01,0,-0.00903907,-0.0092,0.0867626
0,0,-0.019,0,0,0,-0.01,0,-0.01,0,0,0,0,-0.01,-0.01,0,-0.019,0,0.267152,0
-0.01,-0.01,-0.019,-0.01,-0.01,-0.01,-0.01,-0.00898695,-0.01,-0.01,-0.01,-0.01,-0.01,-0.01,-0.01,-0.01,-0.01,-0.01,-0.019,-0.01
-0.0099,-0.00973629,-0.01,-0.01,0,-0.018909,-0.01,0,0.193348,-0.0098181,-0.019,-0.01,-0.019,-0.0186627,-0.01,-0.01,0,-0.01,0,-0.019
0.217414,-0.01,0,0,-0.01,-0.01,-0.01,-0.01,-0.01,-0.01,0,-0.01,-0.01,0,-0.01,-0.01,0,-0.01,-0.01,-0.01
-0.0009,-0.01,-0.01,-0.01,-0.01,-0.01,-0.019,-0.01,-0.01,-0.00891,-0.01,-0.01,-0.01,-0.01,-0.01,-0.008919,-0.01,-0.01,-0.01,-0.01
0.10719,-0.01,-0.01,-0.01,-0.01,-0.019,-0.01,-0.01,-0.01,-0.01,-0.01,-0.01,-0.01,-0.01,-0.01,0,-0.01,-0.01,-0.01,0
-0.01,-0.01,-0.01,-0.019,-0.01,-0.01,-0.01,-0.019,-0.01,-0.01,-0.01,-0.01,-0.01,-0.01,-0.01,-0.01,-0.01,-0.01,-0.01,-0.01
-0.01,-0.0187216,-0.01,-0.00935754,-0.01,-0.018825,-0.00940451,0,0,-0.0256073,-0.00980558,-0.00957611,-0.00964533,-0.0178256,-0.01,-0.01,0,-0.00951328,-0.01,-0.01
0.0598852,-0.00848742,-0.01,0,0,0,0,0,-0.00853868,0,0,-0.018729,0,-0.00959049,0,0,0.0525156,0,0,-0.00853868
0.190229,-0.019,0,0,0,-0.01,0,0,0,0,-0.01,0,0,0,0,0,0,-0.01,0,0
0.0193488,-0.01,0,-0.01,-0.01,-0.00899802,-0.01,-0.019,-0.00935604,0,-0.01,0,-0.00899802,-0.00964651,-0.01,-0.01,-0.019,-0.01,-0.0177766,-0.01
0.0111838,0,-0.0188959,-0.01,0.00484274,0,0,-0.01,-0.01,-0.01,-0.01,0,0,-0.01,0,0,-0.01,-0.01,-0.01,-0.01
0.24151,-0.00981,0,-0.0184511,0,-0.0185005,-0.0096561,0,-0.01,-0.0099,0,0,0,-0.01,-0.009729,0,0,0,-0.01,0
0.199605,0,-0.01,0,0,0,0,0,0,0,0,-0.00988642,0,-0.019,-0.01,-0.0094785,0,0,0,0
0.0301439,-0.01,0,-0.00919,-0.0093629,0,0,0,-0.009,-0.00864246,0,0,-0.00826121,-0.00840922,0,0,0,0,-0.019,0
0,0,0.369719,0,0,0,-0.00804455,0.0844003,-0.01,-0.01,0,0.0851329,0,0,0,0,0,0,0,0
0,0,0.101662,0,-0.01,0,0.10206,0,0,0,0.0855842,0,0,-0.01,0,0,0.224211,0,0,0
0,-0.01,0.330715,0,0,0,-0.009,0,0,0.0951497,0.0921141,0,-0.00737698,0,0,0.101114,0,0,-0.008651,0
0.101631,0,0,0,0,0.0719,0,0,0.1,0,0,0,0,0.227974,-0.01,0,0,-0.01,0,0
0,-0.00899,0,-0.00773987,0,-0.01,0,0,-0.0141685,-0.00847444,-0.008081,-0.00815653,0,0,-0.00842692,0.274434,-0.0234539,-0.00842692,0,0
0.318984,0,0,0,0,0,0,0,0,0,0.0945933,-0.0080908,0,0,0.0859146,-0.01,0,0,-0.009,0.101726
0,0,0.0498806,0,0,0,-0.00732652,0,0,-0.00918349,0,0,0,0,0,0,0,0,0,0.220711
0,0,0,0,0,0,0,0,0,-0.00836271,0,0.113848,0,0,0,0,0,-0.00850665,0,0
0.0123253,0,0,0,0,0,0,0,-0.00836476,0,0,0.102325,0,0,0.079093,0,-0.008081,0,0.057229,0
0.0106566,0,0,0,0,0,0.20062,0,0,-0.00839708,0.1,0,0.0489052,0,0.0841758,-0.017624,0,-0.00841477,0,0
0,0,-0.0088588,0,0,0,-0.00838,0,0.0353008,0,0,0,0,-0.0177761,0,-0.0172216,0,0,0,0.111552
0,0,0,0.0314156,0,0,0,0,-0.009,0,-0.009,0.00937259,0,0,0,-0.00876543,0,0,0,0
0.123457,0,0,0,-0.01,-0.00907737,0,-0.01,0,0,0,0,0,0,0,-0.00993782,0,0,0,0
0,-0.00953144,-0.00947184,0,-0.00959049,0,-0.00953144,0,-0.01,-0.0185661,-0.00833644,-0.0094111,0,-0.00981,0,-0.009729,-0.00285045,0,-0.00946813,0
0.150706,0,0,-0.00896986,0,0,0,0,0,0,0,0,0,0,0,0,0,0,-0.00898998,0
0.0911182,0,0,0,0,-0.01,0,-0.00899809,0,-0.00972067,0,0,-0.00967693,0,0,-0.01,0,-0.01,-0.01,0
0.125468,-0.01,0,0,0,-0.01,0.00806484,-0.00959348,0,0,0,0,0,0,-0.0186543,0,-0.00946144,0,0,0
0.0698386,0,0,-0.01,-0.01,0,0,0,-0.01,0,-0.01,-0.01,0,-0.01,0,0,0,-0.0099,0,0
0.0187358,-0.01,-0.01,-0.01,-0.00978903,-0.01,-0.00981803,-0.01,-0.01,-0.01,-0.019,-0.00988898,-0.01,-0.019,0,-0.00978903,-0.01,-0.01,0,-0.01
0.0358516,0,-0.009,-0.0188162,-0.0092,-0.00890163,-0.00938,-0.0099,-0.0092,0,-0.00981622,0,-0.0169078,-0.0099,-0.00938,-0.01,-0.0096868,0,-0.009542,-0.01
0.111295,0,0,0,0,0,0,0,0,0.0068841,0,0,-0.01,0,0,-0.009729,-0.00873132,0,-0.019,-0.01
0.119587,0,0,-0.01,0,-0.01,-0.01,-0.01,-0.01,-0.01,0,-0.01,-0.01,0,-0.01,0,0,-0.019,0,0
-0.01,-0.00971255,-0.0187979,-0.009,-0.00963921,-0.01,-0.00987448,-0.01,-0.01,-0.009361,-0.00971255,-0.0097618,-0.01,-0.0098928,-0.0189779,-0.01,-0.01,-0.00919,-0.0185553,-0.0097618
0.0362842,-0.00928,-0.00891161,0,0,0,-0.00910956,0,-0.0176467,0,0,0,-0.00869167,-0.008651,0,-0.01,0,0,-0.00711004,-0.0158055
0,0,0,0.0413746,0,0,0,0,0,0,0,-0.01,0,0,0.0407512,-0.0169412,0,0,0,-0.00891608
0.10791,-0.01,-0.00964307,0,-0.01,0,0,-0.017997,0,0,-0.01,0,-0.00952183,-0.00964307,-0.00964307,0.0442941,0,0,0,-0.01
0,-0.019,0,0.0330822,0,0,0,0.0221238,0,0,0,-0.00956343,0,0,-0.0187075,-0.00941834,0,-0.0329754,-0.00956343,0
0,0,0,0,-0.01,0,0,-0.01,-0.0081639,0,0,0,-0.0151855,0,-0.00989915,0,0,0,-0.01,-0.00891818
0.0191621,-0.0095187,-0.00979408,0,0,0,-0.00900065,-0.00979408,0,0,0,-0.00979408,0,-0.00979408,0,-0.00979408,0,0,-0.00966222,0
0,-0.0095392,0,0,-0.01,-0.00992233,-0.00232077,0,-0.01,-0.00968118,-0.01,-0.0560578,0,0,-0.01,0,0,0,0,0
0,0,-0.01,0,-0.0533647,0,-0.00920589,-0.00232312,0,-0.00914993,-0.00922877,-0.00953144,-0.00934868,0,0,0,0,0,0,-0.00925419
0.0865059,0,0,-0.01,0,-0.01,0,0,0,0,0,0,0,0,0,-0.019,0,0,0,0
-0.00792056,-0.00972873,0,-0.00959049,-0.0185905,-0.0099,-0.009729,-0.00972873,-0.01,-0.0185905,-0.00947312,-0.00981,-0.01,0,-0.01,-0.0096561,-0.00965242,-0.01,-0.0181817,-0.01
0.0617591,-0.01,0,-0.01,-0.01,-0.0096561,-0.0096561,0,0,0,0,-0.01881,0,0,0,-0.02691,0,0,0,-0.0099
0.017356,-0.01,-0.01,-0.01,-0.019,0,0,-0.01,-0.01,-0.01,0,-0.01,-0.01,-0.01,-0.01,-0.01,0,0,0,-0.01
-0.00963434,-0.019,-0.0099,-0.01,-0.0266679,-0.01,-0.00970479,-0.01,-0.01,-0.00979994,-0.00970479,-0.00971186,0,-0.019,-0.00956616,-0.01,-0.01,-0.00963325,-0.01,-0.00970479
0.0491711,-0.01,0,-0.01,-0.01,0,-0.01,-0.019,0,-0.01,0,0,-0.00966833,0,-0.01,0,-0.0268967,0,-0.01,-0.01
0.0359655,0,-0.0094783,-0.00953144,-0.0099,-0.00943047,-0.009729,-0.00981,0,0,0,-0.0094783,0.00877667,-0.0184195,0,-0.01,-0.0096561,-0.0094783,0,0
0.0409606,0,0,0,-0.01,0,0,0,0,0,-0.00956009,0,0,-0.01,-0.00949603,-0.01,-0.00963096,0,-0.01,0
0.0661561,0,0,0,0,-0.00952402,-0.0182887,-0.00946753,-0.00936979,-0.0093276,-0.018639,-0.0096542,0,-0.00958607,0,0,-0.00952402,-0.00941609,-0.00981,-0.009729
0.0887673,0,0,0,0,0,-0.0099,-0.0096561,0,0,-0.00943047,0,0,0,0,-0.00934868,-0.00951381,0,0,0
0.0672404,-0.009899,0,-0.0185932,0,-0.0185829,0,0,-0.01,-0.0098072,0,0,0,-0.01,0,0,-0.0184488,0,0,-0.00960933
0.0574275,0,-0.01,0,-0.009729,-0.01,0,0,0,0,0,0,0,0,0,0,0,0,0,0
0.0754991,0,-0.01,0,0,0,-0.00959049,0,-0.00943047,-0.00931381,0,0,0,0,0,0,0,0,0,0
0.0776726,-0.01,-0.01,0,0,0,0,-0.01,-0.01,0,0,0,-0.01,0,0,0,0,-0.019,0,0
0.0362496,-0.00980214,-0.0095702,-0.01,-0.01,-0.00971715,-0.01,0,-0.01,-0.01,-0.0095702,-0.01,0,-0.01,-0.00980214,-0.0186401,0,-0.01,-0.00989586,-0.01
0.0651173,0,-0.0096551,0,0,-0.0096551,-0.0180553,0,0,-0.00981,0,0,-0.01,-0.00928497,-0.00981,0,0,-0.0099,-0.0183519,-0.009729
0.0781242,0,0,0,-0.00981,0,-0.0178755,0,0,0,0,0,-0.0180179,-0.018729,0,0,0,0,0,-0.01
0.0693534,0,-0.00981,-0.01,0,0,0,-0.00981,0,-0.01,-0.0186561,0,0,0,0,-0.01,-0.01,-0.01,0,-0.01
0.0468559,-0.01,-0.019,0,-0.01,-0.019,-0.01,-0.019,0,0,-0.01,0,0,0,-0.01,0,-0.019,0,-0.01,-0.01
0,-0.0099,-0.01,-0.019,-0.01,-0.019,-0.01,-0.019,0,-0.00981,-0.01,-0.01,-0.01,-0.01,-0.01,-0.01,0,-0.01,-0.01,-0.018729
0.0271,0,-0.01,0,-0.01,-0.01,-0.01,-0.01,-0.019,-0.019,-0.01,-0.01,0,-0.01,-0.01,-0.01,-0.019,-0.01,0,-0.01
-0.00943047,-0.0094783,-0.00953144,-0.00943047,-0.01,0,-0.0264466,-0.0180699,-0.0179609,0,-0.00943047,-0.00934868,-0.00931381,0,-0.0096561,0,-0.0181435,-0.0099,-0.00943047,-0.00981
0.071757,-0.01,0,-0.01,0,0,0,-0.01,-0.01,0,-0.01,0,0,-0.01,0,-0.01,-0.01,0,-0.01,0
-0.01,-0.00934868,-0.0179729,-0.009729,-0.00922877,0,0,-0.0181777,-0.00953144,-0.0096561,-0.00938742,-0.00931381,-0.0096561,-0.00959049,-0.00934868,-0.00928243,0,-0.0177416,-0.00925419,-0.0183883
0.0794109,-0.019,0,0,0,0,0,0,0,0,0,0,0,0,0,0,-0.019,0,0,-0.019
-0.0098203,-0.00981,-0.00981,-0.0096561,-0.00981,-0.00979049,-0.00981,-0.0098203,-0.00973827,-0.00966444,-0.00991144,-0.0098203,-0.0099,-0.00981,-0.01,-0.00981,-0.00981,-0.00981,-0.009729,-0.01872
0.0402004,0,0,0,-0.0099,0,-0.01,0,-0.01,-0.01,-0.019,0,-0.01,-0.01,0,0,0,-0.01,-0.01,-0.01
-0.001,-0.00989656,-0.01,-0.00980281,-0.00980281,-0.01,-0.0188028,-0.00989656,-0.01,-0.01,-0.01,-0.01,-0.01,0,-0.01,-0.01,-0.00971931,-0.00964349,-0.01,-0.01
0.0425369,-0.01,-0.0185073,0,0,0,-0.01,-0.01,0,-0.009729,-0.01,-0.00953144,-0.01,-0.01,-0.009729,0,-0.0096561,-0.0099,-0.01,-0.0186561
0.0505522,-0.019,-0.01,0,0,0,0,-0.01,0,0,-0.0099,0,-0.01,0,-0.019,-0.019,0,0,0,-0.01
-0.001,-0.01,-0.01,0,-0.01,-0.01,-0.01,0,-0.01,-0.019,-0.019,-0.01,-0.01,-0.01,-0.01,-0.01,-0.01,-0.01,-0.01,-0.01
0,-0.01,0,-0.01,-0.0099,-0.01,-0.019,-0.019,-0.01,-0.01,-0.00966266,0,-0.019,-0.01,-0.01,-0.019,-0.0185726,-0.009909,-0.01,0
0.0403605,-0.01,-0.01,0,-0.01,-0.01,-0.01,-0.01,0,-0.019,0,-0.01,0,-0.01,0,-0.01,0,-0.01,-0.01,-0.01
0,-0.01,-0.00964592,-0.00946566,-0.00951898,-0.0188237,0,-0.00941593,-0.00964592,-0.01,-0.00989649,-0.00941593,-0.00957957,-0.0183725,-0.01,-0.00936976,-0.01,-0.0187201,-0.01,-0.01
0.0574869,-0.01,-0.0184569,0,-0.0184071,-0.01,0,-0.01,-0.01,0,0,0,0,-0.0185127,0,0,0,-0.01,-0.0093593,0
0.0640698,-0.01,0,0,0,-0.01,0,-0.018639,0,0,0,-0.00949448,-0.01,0,-0.01,-0.00981,-0.00926279,0,0,0
0.0563492,0,-0.01,0,0,0,0,0,0,0,0,0,0,-0.01,-0.01,0,0,0,-0.01,-0.01
0.0103633,-0.01,-0.019,-0.0097861,-0.0099,-0.01,0,-0.01,-0.01,-0.01,-0.01,-0.018558,-0.01,-0.019,-0.00987344,-0.00970749,-0.0098561,-0.00997049,-0.0097861,-0.01
0.0426935,0,0,-0.01,0,-0.01,-0.01,-0.01,-0.01,-0.01,-0.019,0,-0.01,-0.01,-0.01,0,0,0,0,-0.01
-0.01,-0.01,-0.01,-0.01,-0.01,-0.0098054,-0.019,-0.0187213,-0.01,-0.01,-0.01,-0.00972126,-0.01,-0.019,0,-0.00989803,-0.01,-0.00964684,-0.01,-0.01
0.0420974,-0.01,-0.01,-0.01,-0.01,-0.01,0,-0.01,-0.01,0,-0.01,0,-0.019,-0.01,-0.019,-0.00977055,-0.01,-0.00989644,0,-0.01
0.0388843,0,-0.00989453,0,-0.01,-0.01,-0.0271,-0.00971851,0,-0.01,-0.01,0,-0.0183728,-0.01,0,-0.01,-0.01,-0.00980115,0,0
0.0699816,-0.01,0,-0.00909,-0.009281,0,0,-0.00909,0,-0.01,-0.01,-0.01,-0.00909,-0.00909,0,0,-0.00996013,0,-0.01,0
-0.00588442,-0.0098019,0,0,-0.01,0,-0.01,0,0,0.00151523,0,0,-0.01,0,0,-0.01,0,-0.0185261,-0.01,0
0.0575853,0,-0.01,-0.01,0,-0.019,0,0,-0.019,0,0,-0.01,0,-0.01,-0.01,-0.01,0,0,-0.019,0
0.0106075,-0.00975249,-0.009929,-0.0181433,-0.01,0,-0.00967724,-0.0099,-0.0098361,0,0,-0.0186095,-0.0184909,-0.00949204,-0.0263163,-0.0098361,-0.01,-0.01,-0.01881,0
0.0361262,-0.01,0,-0.01,0,0,-0.01,0,0,0,0,0,0,-0.01,-0.01,0,-0.01,0,-0.01,-0.01
0.040951,-0.01,-0.01,-0.01,-0.01,0,-0.019,-0.01,0,-0.01,0,-0.01,-0.01,-0.01,-0.01,-0.01,-0.018899,-0.01,0,-0.01
0.0101043,-0.0271,-0.01,-0.01,-0.01,-0.01,-0.0188957,-0.01,-0.01,-0.01,0,-0.01,0,-0.019,0,-0.019,-0.01,-0.01,-0.01,-0.01
0.0197472,-0.00981,-0.01,-0.00970315,-0.01,-0.00996949,-0.018712,-0.01,-0.0188561,-0.00978339,-0.01,-0.0188715,0,0,-0.0099,-0.009729,-0.00963212,-0.01,0,-0.019
0.0359182,0,0,0,0,-0.01,-0.01,-0.01,0,-0.019,-0.0189325,0,-0.01,0,0,0,0,-0.01,0,-0.01
0.006751,0,-0.019,0,-0.01,-0.01,0,0,-0.01,0,-0.01,-0.0271,-0.01,-0.01,-0.019,-0.01,-0.01,-0.01,0,-0.01
-0.01,-0.01,-0.01,-0.01,-0.01,-0.0189085,-0.01,-0.019,-0.01,-0.01,0,-0.01,-0.01,-0.019,-0.01,-0.01,-0.019,0,-0.01,-0.01
-0.00060498,-0.00981,-0.01,-0.00949371,-0.00939067,-0.00960952,-0.0184363,0,0,-0.00954857,-0.00948592,-0.01,-0.00949371,-0.0264543,-0.00953991,-0.01,-0.0095999,-0.0095999,-0.00967724,-0.009929
0.0651242,0,-0.01,-0.01,0,0,0,0,-0.01,0,0,0,-0.01,0,0,0,0,0,-0.01,-0.01
0.0362108,-0.00963737,-0.01,0,-0.00989526,-0.01,-0.01,-0.01,-0.01,0,-0.00980045,-0.00971462,-0.01,-0.01,-0.0188953,-0.01,-0.01,-0.01,-0.01,-0.01
0.0652696,-0.00958765,-0.01,-0.0099,-0.01,-0.01,-0.01,0,0,-0.00952612,0,-0.0094711,-0.009729,0,-0.00981,-0.0099,-0.00965509,0,0,-0.01
0.0794971,0,-0.01,0,0,0,-0.0188476,0,0,-0.00967731,-0.01,0,0,0,0,0,-0.0187586,-0.01,0,0
0.0428081,-0.01,-0.01,-0.01,-0.01,-0.01,-0.01,0,0,-0.01,-0.01,-0.01,-0.0188089,0,-0.01,0,-0.01,-0.01,0,-0.01
0.0617943,-0.019,-0.01,0,-0.0186409,-0.01,0,0,0,-0.01,-0.01,-0.01,0,-0.01,-0.01,0,-0.01,-0.01,-0.01,-0.01
0.126029,-0.01,0,-0.01,0,0,-0.01,-0.00989656,-0.00964137,-0.00980281,-0.0266083,-0.00971784,-0.01,-0.00964137,0,-0.00899179,0,-0.00957154,-0.00945092,0
0.0387924,-0.01,0,-0.0094783,-0.00981,0,0,0,0,0,0,0,0,-0.0099,0,0,-0.0179141,0.0482935,-0.0182531,0
0.0763052,0,0,0,0,0,0,0,0,0,0,0,0,0,0,-0.01,-0.01,0,0,0
0.0515504,0,-0.009,-0.01,0,-0.009,-0.01,-0.01,-0.01,-0.009,0,-0.0252,-0.01,0,-0.01,-0.009,-0.018,-0.009,-0.009,0
0.100543,0,-0.01,0,-0.01,-0.01,0,-0.0186428,-0.01,0,0,0,-0.019,0,-0.01,-0.01,0,0,0,-0.01
0.0225338,0,-0.01,0,0,-0.01,-0.01,0,-0.0184851,-0.01,-0.01,-0.01,-0.00981,-0.01,-0.00981,-0.01,-0.01,-0.027,-0.01,-0.01
0.045058,-0.01,0,-0.019,-0.01,0,0,-0.01,-0.01,0,0,0,-0.01,-0.01,-0.01,-0.01,-0.01,-0.01,-0.019,0
-0.00952844,-0.018503,-0.0098361,-0.01,-0.00967724,-0.01,-0.01,-0.0188085,-0.00960804,-0.00967559,-0.00954723,-0.00975249,-0.01,-0.00944326,-0.0184025,-0.0265346,-0.00952844,0,0,-0.00958715
0.0601068,0,0,-0.019,0,0,-0.01,0,0,-0.01,0,-0.01,-0.01,0,0,0,0,0,0,0
-0.0027954,0,-0.01,-0.01,-0.0182239,-0.0096583,0,-0.01,-0.00973144,-0.019,0,0,0,-0.01,-0.01,-0.01,-0.00959247,-0.00967971,-0.0263596,-0.0186583
0.0320287,0,0,-0.01,0,-0.01,0,-0.01,0,0,-0.019,-0.01,0,-0.019,-0.01,0,0,-0.00998446,0,-0.0269781
-0.00797445,-0.00964851,-0.00966071,-0.00964851,-0.00972347,0,-0.00951597,-0.00972347,-0.01,-0.00980484,-0.00980484,-0.01,0,0,-0.0188973,-0.00959097,-0.00964851,0,-0.0188973,-0.0187124
0.0668956,-0.00958778,0,-0.0096542,-0.00966444,-0.009598,0,-0.01,0,-0.0096561,0,-0.00981,0,-0.0187005,0,0,0,-0.0098203,0,0
0.0545308,-0.0098599,0,0,0,0,0,0,-0.00973533,-0.00977119,0,-0.00977119,0,0,0,0,0,0,0,0
0.0307262,-0.01,-0.0189791,-0.01,-0.0188534,0,-0.0188663,0,0,-0.018899,0,-0.009899,0,-0.01,0,-0.019,-0.00996583,0,0,0
0.00209294,-0.0099,0,0,-0.00967724,-0.0099,0,-0.0098361,0,-0.0099,-0.0099,-0.01,-0.00981,0,-0.01,-0.0186906,0,-0.00975249,-0.01,-0.01
0.0155604,-0.0097207,-0.019,-0.01,0,0,0,-0.00971069,-0.01,0,-0.019,0,0,-0.01,0,0,0,0,0,0
0.0359304,-0.01,-0.00959049,0,-0.00943047,-0.0189,0,-0.00934868,-0.00953144,-0.00938742,0,-0.009729,0,-0.0096561,0,-0.00943047,-0.0099,0,-0.0094783,-0.00981
0.0793145,-0.01,-0.01,-0.01,0,0,-0.01,0,0,0,0,0,-0.0100971,0,-0.01,0,0,0,0,-0.019
-0.00980007,-0.01,-0.01,-0.019,-0.01,-0.01,-0.01,-0.01,-0.01,-0.01,-0.01,-0.00980007,-0.01,-0.018245,-0.00989477,-0.0182388,-0.01,-0.01,-0.01,-0.01
0.0497497,-0.01,-0.01,-0.01,0,-0.0099,-0.0185314,0,-0.01,-0.01,-0.009729,-0.0181838,0,0,-0.0179005,-0.0096561,-0.00981,0,-0.009729,-0.01
0.0730927,0,-0.01,-0.01,0,-0.019,0,-0.01,-0.0186493,-0.009809,-0.01,0,0,0,0,0,-0.01,0,-0.01,0
0.0651322,0,0,-0.01,0,0,-0.019,0,0,0,-0.019,0,-0.019,0,-0.01,-0.01,0,-0.01,0,0
0,-0.00980281,-0.00950938,-0.01,-0.00964188,-0.01,-0.0184522,0,-0.01,-0.00957241,-0.01,-0.01,-0.01,-0.00971843,-0.00989656,-0.019,-0.01,-0.01,-0.01,-0.00971843
0.0599701,0,-0.01,0,-0.00981,-0.0099,-0.01,0,0,0,-0.0099,0,-0.0183466,-0.0099,-0.009729,-0.0099,-0.01,0,-0.01,0
0.0706283,0,0,0,0,-0.019,-0.01,0,-0.01,-0.0188963,0,0,0,-0.01,0,0,-0.00980229,0,-0.01,0
0.0602271,-0.01,0,-0.0181415,0,-0.00979096,-0.01,0,-0.00979096,0,-0.01,0,-0.01,-0.00988998,-0.01,0,0,-0.01,-0.00970383,0
0.0702525,-0.01,0,-0.01,0,-0.0089981,0,0,0,-0.019,0,0,-0.01,0,-0.01,0,-0.00937501,-0.01,0,0
0,-0.00978952,-0.00991057,-0.00330528,0,0,-0.0099,0,-0.01,0,-0.0187236,0,-0.00991057,0,-0.0268631,0,0,-0.00981215,-0.009929,0
0.0276424,-0.01,0,-0.00926411,-0.019,-0.00926411,0,0,0,-0.01,0,0,0,-0.01,0,-0.00908523,-0.01,0,0,-0.01
0,0,-0.01,-0.00807632,-0.01,-0.01,-0.01,-0.01881,-0.01,-0.009729,-0.0169768,-0.0186561,0,-0.0168652,0,0,0,-0.0099,0.0580651,0
0.175361,-0.01,0,-0.01,0,-0.01,0,0,0,-0.01,0,0,0,-0.01,0,-0.01,-0.01,-0.01,0,0
0.0306969,-0.01,-0.01,-0.01,0,0,-0.00997645,0,0,-0.00969637,-0.01,-0.01,-0.01,0,-0.00987366,-0.01,0,-0.0187806,-0.00999,-0.01
0.0593304,0,0,-0.009809,0,0,-0.00968199,0,-0.00960967,0,-0.00985087,0,0,0,0,0,0,-0.0097262,-0.00976233,0
0.0705708,-0.00943779,0,0,0,0,0,0,0,0,0,0,0,-0.01,0,-0.00938847,0,0,0,0
0.0611533,-0.00939722,0,-0.00992507,0,-0.00980753,0,0,0,0,-0.00949937,0,0,0,-0.00933647,-0.00959456,0,0,-0.01,0
0.0447306,0,-0.01,0,0,0,0,0,0,0,0,-0.0099,0,0,0,0,-0.009809,0,0,-0.00992539
0.0537604,0,0,0,-0.0184595,0,0,0,-0.0183041,0,0,0,0,0,-0.00955228,0,0,0,0,0
0.0553649,0,0,0,0,0,-0.01,0,0,0,0,0,0,0,0,-0.0099,0,-0.01,-0.01,-0.0099
0.019,-0.01,0,-0.01,-0.01,-0.01,0,0,-0.019,0,-0.019,-0.01,-0.0189,-0.019,-0.01,-0.01,0,-0.01,-0.01,-0.01
-0.000896514,-0.00980388,-0.01,0,0,-0.01,0,-0.0188965,-0.01,-0.019,-0.019,-0.019,-0.01,0,-0.01,-0.01,-0.01,0,-0.01,-0.01
0.0279482,-0.019,-0.01,0,-0.01,-0.01,0,0,-0.01,-0.01,0,-0.01,-0.0099,-0.01,-0.00980894,-0.00972603,-0.01,-0.01,-0.01,-0.0186934
0.0370435,-0.01,0,0,0,0,-0.01,-0.01,0,-0.01,-0.01,0,-0.00963278,-0.01,0,-0.01,-0.01,-0.01,-0.01,-0.019
0.0322092,-0.01,0,0,-0.00981,-0.0099,-0.00933167,-0.00969344,-0.00956169,-0.0099,0,0,-0.0181391,-0.009729,-0.00950552,0,-0.00945497,0,0,-0.0184175
0.0804152,0,0,0,0,-0.01,-0.01,0,0,0,0,0,0,0,0,0,0,0,0,0
-0.0184305,-0.0099,0,0,-0.018121,-0.01,-0.00938742,0,0,-0.00959049,-0.00953144,-0.009729,-0.0185305,-0.01881,-0.0096561,-0.01,-0.01,-0.01,-0.01,-0.0099
0.124833,-0.01,-0.0092,0,-0.009,0,-0.0182,-0.01,0,0,0,-0.01,0,0,-0.00989804,0,-0.009,0,0,-0.0092
0.103484,-0.00888959,0,0,-0.00902293,0,-0.00916138,0,0,0,-0.019,0,0,0,0,0,-0.01,-0.018082,-0.00904314,-0.01
0.0875993,0,0,0,-0.009,0,-0.0184275,0,-0.00993712,0,-0.01838,0,-0.01,0,0,0,0,-0.01,0,0
0,0,-0.00989688,0,-0.00434062,-0.01,0,-0.01,0.0289993,0,0,0,0,0,0,-0.01,-0.00918193,-0.01,-0.019,-0.01
-0.00053804,0,0.0647557,-0.0177772,-0.0172063,-0.0099,0,-0.01,0.0683394,-0.0096561,-0.00959049,0,-0.009,-0.00938,0,0,-0.0099,-0.00981,-0.009542,-0.009729
0.11283,0,0,-0.01,0,0,0,0,0,-0.0139066,0,0,0,0,0,0,0,0,0,0
0.116154,0,-0.01,-0.00845481,0,0,-0.00845481,-0.00845481,-0.0284429,-0.00870595,-0.00893327,-0.01,-0.009,0,-0.009,0,0,0,-0.01,-0.009
0,0.130405,0,0,0,-0.0091908,-0.00727561,0,0,-0.009,0,0,0.151371,-0.00952035,0,0,0,-0.00936425,0,-0.01
0.283639,0,-0.01,-0.00968488,0,0,-0.01,0,0.100674,-0.01,-0.01,-0.00175955,0,0,-0.00991727,-0.0092529,0,0,0,0
0,-0.0083729,-0.00908016,0,0,0,0,0,0,0,0,0,-0.01,0,-0.01,0.115357,0,0,0.0753543,-0.0019985
0,0,0,0.125834,-0.00951848,-0.00936288,0,-0.01,-0.019,-0.00965853,0,0,0,0,0,0,0,-0.01,0,0.100618
-0.0189802,-0.00936213,0,-0.00966338,0,-0.00951961,-0.00990755,0,-0.00979217,-0.019,0,0,0,-0.00988434,-0.019,-0.00936213,0.08,-0.000495341,0,0
-0.00690225,-0.009,-0.00937096,-0.01,0,-0.00109321,-0.009,0,0,0,0,0,0,0,-0.0091938,0,-0.00936983,-0.01,0.0779812,-0.00941333
0.217312,0,0.1,0,0,0,0,0,0,-0.01,-0.009,0,0.0323979,0,-0.01,0,0,0,-0.01,0
-0.000373083,0,0,0,-0.0185087,0,-0.0188041,-0.00291236,0,0,0,0,0,-0.00965065,-0.01,-0.018572,0.0529397,0,0,-0.0096419
0.233634,0,0,-0.01,0,-0.01,0,-0.00959049,0,0,0,-0.0182164,-0.01,0,0,0,-0.0099,0,-0.01,0
0.0379356,0,0,-0.01,0,0,0,0,-0.01,0,0,0.0408171,-0.01,-0.009899,0,0,0,0,0,-0.00953017
0.0570559,-0.009181,-0.00950959,0,-0.019,0,0,0,-0.01,-0.0271,-0.00899,-0.0093529,-0.00978252,0,-0.00989,-0.00899,0,-0.01,0,-0.0096524
-0.00980097,0,-0.01,-0.00980677,-0.00952208,-0.00899462,-0.00990323,-0.00936491,-0.01,-0.01,0,0,-0.00978968,-0.00918977,0,0,0,-0.000887985,-0.00936491,-0.00966312
0,0,-0.0188981,0,-0.00941184,0,0,0,-0.00248909,-0.01,0,0,-0.000511646,-0.00964944,0,0,0,-0.019,0,0
0.0808374,-0.0185458,0,-0.00957018,0,0,0,0,0,0,0,-0.0099,-0.01,0,0,0,-0.0261657,0,0,-0.01
0.068584,-0.01,0,0,0,-0.01,0,0,0,0,0,0,0,-0.009729,0,0,0,-0.0184946,0,-0.0183305
0.050364,-0.01,0,0,0,0,0,-0.01,-0.01,-0.01,-0.01,0,0,-0.01,-0.01,0,-0.01,0,-0.01,0
0.000154197,-0.00975498,-0.00984124,-0.01,-0.01,-0.01,-0.0188937,-0.00975498,-0.01,0,-0.01,-0.0165053,-0.00865037,-0.01,-0.00961152,-0.01,-0.017447,-0.00979958,-0.01,-0.00971624
0.0659735,-0.01,-0.01,0,0,0,-0.01,0,-0.01,-0.01,-0.01,0,0,0,-0.01,-0.01,-0.01,-0.01,0,0
0.058457,0,0,0,-0.01,-0.01,-0.01,0,0,-0.01,-0.01,-0.01,-0.01,0,0,0,0,-0.01,0,-0.019
-0.01,-0.01,-0.009729,-0.0179082,-0.00943047,-0.00953144,-0.00959049,-0.0094783,-0.01,-0.00981,-0.01,-0.0099,-0.01,-0.01,-0.01,-0.0179266,-0.01,-0.01,-0.01,-0.0096561
0.0588333,-0.01,-0.01,0,0,0,0,-0.01,-0.01,0,-0.01,0,-0.01,0,-0.01,0,0,0,-0.019,0
0.0277109,-0.0267549,-0.019,0,-0.01,-0.01,-0.0099,-0.01,-0.0099981,-0.00989829,-0.01,-0.01,-0.01,-0.01,0,-0.01,-0.0099,0,-0.01,-0.01
0.0289569,-0.01,0,0,-0.01,-0.01,-0.01,0,0,-0.01,0,-0.01,-0.01,0,-0.01,-0.01,-0.01,0,-0.01,-0.01
-0.01,-0.01,-0.01,-0.01,-0.01,-0.01,-0.01,-0.01,-0.01,-0.01,-0.01,-0.01,-0.01,-0.01,-0.01,-0.01,-0.01,-0.019,-0.01,-0.019
-0.01,-0.0271,-0.0099,-0.01,-0.01,-0.01,0,-0.01,-0.01,-0.019,-0.01,-0.01,-0.01,-0.01,-0.01,-0.01,-0.01,-0.01,-0.01,-0.01
-0.001,-0.01,-0.019,-0.01,0,-0.01,0,-0.01,-0.01,-0.01,-0.01,-0.01,-0.019,-0.01,-0.01,0,-0.019,-0.01,-0.01,-0.019
-0.019,-0.01,-0.01,-0.01,-0.01,-0.01,0,-0.01,-0.01,-0.019,-0.01,-0.01,-0.01,-0.01,-0.01,-0.01,-0.01,-0.01,-0.01,-0.019
-0.03439,-0.01,-0.01,-0.01,0,-0.01,-0.01,-0.019,-0.01,-0.01,0,-0.01,-0.01,-0.01,-0.01,-0.019,0,-0.01,-0.01,-0.01
-0.01,-0.01,-0.01,-0.019,-0.01,-0.01,-0.01,-0.01,-0.01,-0.01,-0.01,-0.01,-0.01,-0.01,-0.01,-0.01,-0.01,-0.019,-0.01,-0.01
-0.01,-0.01,-0.01,0,-0.01,0,-0.01,-0.01,-0.0271,-0.019,-0.019,0,-0.01,-0.01,-0.01,-0.019,-0.01,-0.01,-0.01,-0.01
-0.01,-0.01,-0.01,-0.01,-0.019,-0.019,-0.01,-0.01,-0.01,0,-0.01,0,-0.019,-0.010099,-0.019,-0.01,-0.01,-0.01,-0.01,-0.01
-0.01,-0.01,-0.019,-0.01,-0.01,-0.01891,-0.01,-0.01,-0.01,-0.01,-0.01,-0.01,-0.01,-0.01,-0.01,-0.01,-0.01,-0.01,-0.01,-0.01
-0.001,-0.01,-0.01,-0.01,-0.019,-0.019,-0.01,-0.01,0,-0.01,-0.019,-0.01,-0.01,-0.01,-0.01,-0.01,-0.019,-0.01,0,0
-0.019,-0.01,-0.019,0,0,-0.01,-0.01,-0.019,-0.01,-0.01,-0.01,-0.01,-0.019,-0.01,-0.01,0,-0.01,0,-0.0271,-0.01
-0.009929,-0.0099,-0.01,-0.019,-0.01,-0.01,-0.01,0,-0.01,-0.01,-0.00981,-0.019,-0.01,-0.01,-0.01,-0.01,-0.01,-0.019,-0.01,-0.0099
-0.013249,-0.01,-0.01,0,0,-0.01,-0.01,-0.01,0,-0.01,-0.019,-0.01,-0.01,-0.01,0,-0.019,-0.01,-0.01,-0.01,-0.01
-0.01,-0.01,-0.019,-0.019,-0.01,-0.0101,-0.01,-0.01,-0.01,-0.01,-0.01,-0.01,-0.01,-0.01,-0.01,-0.01,-0.01,-0.01,-0.01,-0.01
-0.019,-0.01,-0.01,-0.01,-0.01,-0.01,-0.01,-0.01,-0.01,-0.01,-0.01,-0.01,-0.01,-0.01,-0.01,-0.01,-0.01,-0.019,-0.01,-0.01
-0.018276,-0.00994625,-0.00948012,-0.0183886,-0.01,-0.00951349,-0.01,0,-0.0182024,-0.0099271,-0.0096775,-0.00975842,-0.0099,0,-0.00984772,-0.0099271,-0.018639,-0.00948012,-0.00965523,-0.00960467
0.0283097,0,-0.0186625,0,0,0,0,-0.01,0,0,0,0,0,0,0,-0.00944025,0,0,0,-0.009929
0.0728016,0,0,0,0,0,0,-0.01,-0.00938407,0,0,-0.0097262,-0.01,0,-0.00968201,-0.018809,0,-0.00985087,0,0
0.040951,-0.01,-0.01,-0.0101,-0.01,-0.01,-0.01,0,0,-0.019,0,0,-0.01,-0.01,-0.01,-0.01,-0.01,-0.01,-0.019,0
-0.01,-0.01,-0.01,-0.01,-0.01,-0.01,-0.01,-0.01,-0.01,-0.01,-0.01,-0.01,-0.01,-0.01,-0.01,-0.01,-0.01,-0.0191,-0.01,-0.01
-0.01,-0.01,-0.01,-0.01,-0.01,-0.01,-0.01,-0.01,-0.01,-0.01,-0.01,-0.019,-0.01,-0.01,-0.01,-0.01,-0.01,-0.01,-0.01,-0.01
-0.01,-0.0099,-0.01,-0.01,-0.01,-0.0098561,-0.01,-0.01,0,-0.00981,-0.01,-0.00981,-0.01,-0.01,-0.01,-0.01,-0.019,-0.01,-0.01,-0.018729
0.022951,0,-0.01,0,-0.019,-0.01,-0.01,-0.01,-0.01,-0.01,-0.01,0,-0.01,-0.01,-0.01,-0.01,-0.01,-0.01,0,-0.01
0,-0.019,-0.01,-0.01,-0.01,-0.01,-0.01,-0.01,-0.01,-0.01,-0.01,-0.0099,-0.01,-0.01,-0.01,-0.019,-0.01,-0.01,-0.01,-0.01
-0.001,-0.00981,-0.01,-0.01,-0.01,-0.009729,-0.01,-0.0096561,-0.01,-0.01,-0.01,-0.01,-0.01,-0.01,-0.01,-0.0096561,-0.01,-0.0099,-0.01,-0.01
0.040951,0,-0.019,0,-0.01,-0.01,-0.01,-0.01,0,-0.01,-0.01,-0.01,-0.01,0,0,-0.01,-0.01,-0.019,-0.01,-0.01
-0.019,-0.01,-0.01,-0.01,-0.01,0,0,-0.01,-0.01,-0.01,-0.01,-0.01,-0.01,-0.01,-0.019,-0.019,-0.01,-0.01,-0.01,-0.01
-0.01,-0.019,-0.01,-0.01,0,-0.01,-0.019,-0.01,-0.01,-0.019,-0.01,-0.01,-0.01,-0.01,-0.01,0,-0.01,-0.01,-0.01,-0.01
-0.0099,-0.01,-0.00981,-0.01,-0.019,0,-0.01,-0.018929,-0.01,-0.01,-0.01,-0.01,-0.019,-0.01,-0.01,-0.01,-0.01,0,-0.01,-0.01
-0.00361,-0.01,0,0,-0.01,-0.01,0,-0.01,-0.01,-0.01,-0.0271,-0.01,-0.01,-0.01,-0.01,-0.01,-0.01,-0.01,-0.01,0
0,-0.01,-0.01,-0.01,-0.01,-0.01,0,-0.019,-0.019,0,-0.01,-0.019,0,-0.019,-0.01,-0.01,-0.019,-0.01,-0.01,-0.01
-0.01,-0.01,-0.01,-0.01,-0.01,-0.01,-0.01,-0.01,-0.019,-0.01,-0.01,-0.01,-0.01,-0.019,-0.01,-0.01,-0.01,0,-0.01,-0.01
-0.01,-0.01,-0.01,-0.01,-0.00981,-0.01,-0.01,-0.01,-0.009929,-0.018829,-0.01,0,-0.01,-0.01891,-0.01,-0.00981,-0.01,0,-0.01881,-0.009929
-0.00361,-0.01,-0.01,-0.0099,0,-0.01,-0.01,-0.01,-0.01,-0.01,-0.01,-0.01,-0.01,-0.01,-0.01,-0.01,-0.019,0,-0.01,0
-0.001,-0.01,-0.01,-0.01,-0.01,-0.01,-0.019,-0.01,0,-0.01,-0.019,0,0,-0.019,-0.01,-0.01,-0.01,0,-0.01,-0.019
-0.01,-0.019,-0.01,-0.01,-0.0271,0,-0.01,-0.01,-0.01,-0.01,-0.01,-0.01,0,-0.01,-0.01,-0.01,0,-0.019,-0.01,-0.01
-0.019,-0.01,-0.01,-0.01,-0.01,-0.01,-0.01,-0.01,-0.019,-0.01,-0.01,0,-0.01,-0.01,-0.01,-0.01,-0.01,-0.01,-0.01,-0.01
-0.019,-0.01,-0.01,-0.01,-0.01,-0.01,-0.01,-0.01,-0.01,-0.01,-0.01,-0.01,-0.00989895,-0.01,-0.01,-0.01,-0.01,-0.01,-0.01,-0.01
-0.0104532,-0.01,-0.01,-0.01,-0.01,-0.01,-0.01,-0.00991431,-0.01,-0.01,-0.01,0,-0.01,-0.01,-0.01,0,-0.01,-0.0189143,-0.01,-0.01
0.00694147,-0.00956373,-0.0188049,0,-0.00980487,-0.01,0,-0.00972061,-0.00957673,0,-0.01,-0.01,0,-0.01,0,-0.01,-0.01,-0.019,-0.00964414,-0.0098977
0.0552364,-0.0185347,-0.0098561,0,0,0,-0.009729,-0.01,0,-0.01,-0.0099,-0.00981,0,0,0,-0.0185224,0,0,0,0
0.0465299,0,0,0,0,0,-0.01,0,-0.01,0,0,0,0,0,0,-0.01,-0.0099,-0.009729,0,0
